3030
904332 73403
37872 69114
880493 12719
384968 79553
767899 19825
474816 57192
333325 85028
506483 53364
255469 36666
231378 58472
820460 48210
457531 63506
817841 71253
366559 41654
758321 68098
487192 79004
441500 25063
248117 21993
837781 49436
317897 22031
169261 9064
295574 18937
294091 2056
972300 65911
855073 3677
224382 91885
368238 98264
155390 86079
269517 38300
244084 44189
806398 31275
723192 64249
256337 87661
602593 10469
637096 20489
732499 22708
229552 28072
341645 39994
346479 13944
622256 1551
33973 46637
393435 2210
561253 48824
588288 47121
103476 48723
407661 9873
79997 47204
674121 36333
134864 76714
946801 88312
713554 95651
127371 59458
223722 69015
15803 86552
299311 38059
288103 33283
1047 97889
251844 62299
263065 56484
425771 66540
705206 33431
276412 85203
480635 66884
121535 31850
259949 84688
420161 73503
296690 47532
949312 36764
532898 65114
123315 32208
603172 11417
681842 4219
125658 33686
682869 88722
806521 24992
755261 11726
458422 48024
296928 55408
531259 34815
587258 91208
35854 7418
764710 32543
71301 14021
369306 4199
195486 92621
952758 98658
420389 50952
919228 62398
600989 18448
451119 7509
743439 22731
919234 1861
787106 32514
657268 18365
183680 44525
109572 35885
768295 90633
584779 55947
104653 70437
960145 138
479409 29255
615147 16149
580206 34374
478547 97546
652822 29665
105054 96260
168748 40639
114472 55853
789504 88092
274217 89535
532616 83788
225419 17262
774420 26550
173209 95424
796986 49705
211914 76394
78959 27060
692542 75516
877786 71088
873061 46959
617105 94466
959570 85852
35105 90394
741704 24608
878485 32273
314143 11100
916060 55913
744714 6832
382462 17922
118607 95799
567626 30520
972192 62937
673932 64734
854804 68069
352173 27865
115027 69277
222330 90948
271480 73786
181341 29536
114746 59825
61808 45240
987277 94219
517504 31990
217402 99966
166263 36009
595764 33888
666528 84308
896824 56811
265393 67980
924879 17565
995844 56257
103194 34525
147205 74673
24663 44897
420560 39408
421074 82367
84647 8350
492938 18502
656691 10339
18467 22953
46347 30583
73192 29227
731242 86368
86037 96634
754347 10916
130550 66542
567172 33743
517418 30728
124768 42080
591977 61679
197839 13050
544046 98837
937751 53335
917339 10793
263673 52157
450097 26372
582739 23288
55598 30332
526007 41634
826965 80353
668901 73867
63246 52425
223961 80664
499504 65080
122743 91480
926759 36934
620881 70804
635770 58631
24138 53108
669423 4162
5265 19519
630533 4355
159159 2482
934687 1517
344116 78003
481870 29368
751869 61467
281792 92182
642130 97648
357261 81225
389127 84019
118158 10008
271174 53927
84990 11663
823387 70765
615825 28651
906635 62709
449357 65793
965191 84043
267310 25658
178398 65531
355025 46618
326997 53169
938799 85479
967168 96060
283055 56294
580078 17564
882653 51252
671490 67643
662914 11228
754759 95090
356230 61393
557799 5587
727186 39341
189629 10847
864998 84378
292729 36374
330996 36077
405894 69794
137907 73061
82205 20961
245707 78635
338524 44711
546238 26366
128705 9151
537593 83463
520593 93823
544856 94743
699409 88393
634083 5389
815591 99080
806119 8319
751805 37114
760747 74051
923259 98654
47111 21816
319614 9169
700450 74490
453880 46687
700855 82584
972189 54799
982399 9133
648621 27254
603875 64381
315646 37957
786122 31236
253388 8592
755906 5193
245705 16652
679243 85315
415305 42705
723482 51271
568226 23931
425760 22105
186969 42966
121040 75510
397764 3438
684642 62737
147043 88517
943469 79040
526473 45942
626627 96213
354533 82532
301405 16589
415536 96999
801904 47192
256055 41737
598462 24280
465668 40573
362736 68988
183538 128
360849 97654
619917 45491
660390 66960
850359 3858
262351 76831
849800 88978
189395 20684
787861 7151
837273 3396
504149 55528
550588 76556
197264 65401
617187 79283
722326 96275
348271 5863
496402 9119
3516 32670
270961 80257
399629 21319
784115 78332
14502 50266
67309 3896
870949 55169
211047 24573
574917 31547
380100 25504
508102 77364
307256 41641
756646 29581
137915 4916
451796 50668
330387 55311
783337 1347
151920 99318
722666 36034
877649 53519
602651 44957
457414 89951
800125 68460
214524 91393
416359 94623
16896 40812
171986 40504
82452 44984
870084 36718
66251 21879
887385 96637
293542 70722
514336 45461
370039 53353
897846 47687
6871 16848
192643 80636
6798 9119
165448 37673
400512 81806
332296 33759
22617 20633
774262 21421
981968 60698
358138 48219
482576 45523
961207 92469
432596 91894
737929 2634
745246 52126
566672 68468
168973 75666
765456 92123
301136 30903
429795 17999
29060 78442
151758 68028
299075 42371
189448 81042
119420 63938
845612 1996
825812 6819
410816 58407
798712 65097
577392 60310
817222 44063
845129 2547
419728 10584
194669 20863
57838 24463
938862 86897
902905 6971
654925 18331
565693 60724
515724 85113
424661 61336
803460 50472
684506 14275
508878 99569
395723 86269
59878 12945
746683 21359
715491 66410
31942 10159
403625 89780
50973 58838
693028 70229
465808 47952
188559 47852
225028 4283
749316 49688
581970 52775
416512 66475
283402 25389
266043 79124
528010 42273
408420 74692
263631 23910
957454 11924
550420 61078
418055 17745
219915 11083
587973 2074
975386 92884
266277 413
997166 15593
366453 95487
84719 82964
361961 68120
224704 44355
563596 69065
986627 72015
543757 66609
612277 17562
94885 79048
378639 12939
796792 14905
140373 1117
833330 32111
194000 99606
832523 91165
115198 15327
803003 99917
498290 64963
84388 39346
825669 47983
508410 28648
136350 68518
95256 48626
586079 90140
427673 81069
219431 40817
112325 59803
641933 45654
991913 35932
561612 40788
543448 93161
56114 46450
393077 70756
511412 93817
310101 53432
158151 34862
182079 94500
903380 77335
43125 5810
983826 87150
486879 3256
727966 99203
79411 69898
61209 71323
205829 22820
412110 65628
815980 84576
612077 25409
571683 39840
235577 98135
493271 93727
732996 75350
688227 52727
469036 47703
158537 52861
234852 61767
172469 79169
277321 51879
849066 38529
323201 71246
477700 51663
836873 10032
752590 65301
535440 24272
605140 87368
722406 98411
681094 71753
773760 85672
124480 42795
133375 99368
212007 84578
961134 84475
363747 54806
636353 29164
609687 75906
816762 87386
243920 69986
897417 96509
135287 49208
837132 40426
236575 75889
355188 17669
47641 45299
319692 88472
888093 53066
4191 16452
853996 81676
926 34094
236482 53631
979609 46168
629536 12722
449905 73455
482708 47322
386315 34346
812881 23446
391123 49456
299334 46311
483476 63326
391609 3167
551798 96054
772585 72340
412505 42932
554016 29782
877025 90497
83412 72985
153016 12947
685707 2920
102753 68414
466593 89067
819111 79474
228864 10233
328929 28197
472895 28756
391523 80856
131922 59672
176909 20858
532011 5765
563789 86026
35546 57165
392874 18958
330150 62241
348256 15856
665161 67361
700621 31753
456427 19731
927578 85291
246315 72858
729839 19210
101613 37713
616417 49887
97384 93325
687096 45747
415441 50885
748124 50986
208049 57350
86295 38198
719590 50903
70405 1102
918263 71025
549207 91041
807107 76784
92683 53422
249642 38874
288983 67606
976586 5399
617492 73970
215075 4588
736068 30515
71824 84191
597852 96224
141540 499
850774 77482
667753 21178
278583 86015
692203 27789
993407 15661
820925 86090
69082 70566
424963 74416
938171 17900
779814 72015
991869 11240
892954 44288
658106 64777
728479 72310
761000 86370
489160 11773
763851 56912
532951 58786
742926 41505
386574 52684
757165 7498
338773 42599
794415 80087
217014 48938
197987 13180
320952 6207
24419 13905
950495 98877
178681 95325
971186 56032
98046 60345
67805 61897
133608 17107
420682 76533
858611 23607
645568 32127
47457 84341
474725 41871
780779 8091
90808 95117
721270 11759
717676 62040
142015 68170
460916 20695
379846 48453
293079 77891
925149 60883
856139 58756
477989 93172
451640 52951
633131 97208
985077 80587
597900 59802
522457 95030
667892 13265
390147 5513
541375 7822
167552 99742
292343 44820
520436 72188
609624 13514
666430 34773
690748 38921
109880 68736
832092 61520
21686 65222
175079 23115
145808 72978
982916 84617
668007 67159
314233 74505
589023 71959
682326 56574
571700 91020
417745 8488
679559 27369
938353 45989
78493 29101
901261 88372
314188 33352
749891 52226
714926 24969
375340 77085
214298 74607
561701 98657
558117 92285
973161 47139
764244 71839
420064 35943
662858 37809
944430 58769
381529 82783
204757 60021
28235 22369
648392 42422
872072 14635
194647 86997
355955 86338
480434 86605
960944 42134
485261 19060
950771 58421
182550 15014
146611 2614
50956 9469
956774 11738
668237 54654
394520 89345
314674 22754
528065 79417
281527 136
910403 76174
987133 82710
562511 67566
869314 39807
26051 54574
558866 76821
329346 57768
691834 75957
860381 59142
801777 33506
770879 86365
188159 81750
892061 19184
104503 20125
14952 86029
820260 41707
378554 23744
224416 57417
791309 93729
497223 33712
964654 72440
826884 93999
830207 35070
286307 6939
294211 88083
540444 81441
590799 44954
263190 82859
780489 84044
902983 95441
786424 23243
753499 81330
563338 77914
138746 70999
587994 52320
204710 68999
724759 47945
362997 71318
583014 65656
278256 93576
770090 35052
491368 60889
96357 70909
843747 76846
154952 63082
188638 57728
502676 42136
139057 66013
436401 94154
937011 40746
946473 58072
609744 87583
206017 89092
258900 5382
654747 37156
215310 24837
388559 6677
302077 84915
977586 62175
878112 48889
925256 83101
106616 44283
41588 62024
526648 77988
72529 80010
18733 35353
638082 28476
722936 60450
117568 81835
182183 88666
35342 97492
229854 40252
104169 31930
941519 81754
194105 19630
730642 35712
402731 53610
96347 44318
631985 22994
438658 4514
603003 73742
239866 57436
118570 79153
117885 52489
977340 16420
41154 12681
213911 71008
469285 18079
802937 10803
916184 13393
230432 63178
665457 49514
33139 61803
110184 65123
901148 48841
885988 4150
38934 42206
777938 57503
121358 12174
909991 98697
228593 67497
627730 42504
738504 97014
276934 57792
24168 93118
87537 54599
872647 52993
920465 5785
31147 30648
87259 32294
95840 73247
952795 51125
615452 30732
808628 53161
142906 34970
868210 71498
702466 12291
330353 40969
625656 7287
15113 49823
316756 2649
420773 89402
371993 41237
611538 19491
888236 98796
368136 427
672042 20930
151552 3845
568014 76531
573358 10919
711500 41567
598768 30318
453857 29121
887638 95864
52759 2750
245686 69514
521750 82810
75267 10094
524047 3156
845936 28634
901951 14071
945413 90345
535001 13316
410541 3014
606198 83898
330284 34049
941816 29051
764366 12024
374523 52004
507887 27281
71105 69924
313146 9207
452734 4764
35652 93132
107919 81588
938117 26222
95658 83529
132918 47010
13196 59810
766375 19393
560060 13010
453442 1875
542061 17807
930251 32935
386162 54489
376568 73619
224413 89713
82825 93498
110829 34828
686629 18747
32767 41097
261320 28425
24626 10589
791786 54173
970399 74513
173566 30458
687522 27007
548684 45934
844813 95286
178869 30975
949775 55436
720945 90539
761500 20121
884036 72328
954948 87016
607427 87715
744464 85098
632491 69089
295687 40628
323262 82437
15140 13179
312894 19014
640185 77929
964947 84997
373215 60167
232323 22989
731954 53267
529879 93454
789739 13914
365781 44687
17281 89559
248753 61744
874657 81243
47185 86695
821870 86798
469131 53362
899976 82024
572375 56512
676304 53673
541508 49518
713840 90183
888858 45793
759801 18736
939246 49540
349001 21379
810578 82633
827289 59330
160729 1945
940572 24265
388639 78793
611062 57769
148506 27389
156144 20880
83900 48800
774553 41759
398317 4744
948293 3527
450536 8094
738614 6134
773985 3967
243864 84562
486599 71152
160243 63679
289449 814
887943 94439
895958 15356
568560 44464
559096 24703
281695 42995
589854 72599
301106 4523
577342 49398
308049 44230
473843 63014
450363 64179
166980 94226
865092 69931
281729 25334
333609 71177
642499 37904
765616 38457
753259 34175
99272 12355
575229 97318
471701 81435
469917 89158
185957 63610
54908 10357
107839 45102
573370 74553
809281 40350
285130 90724
426632 66859
216058 76592
654387 58556
14495 20002
913364 67754
270528 28987
596460 62109
426305 84512
43543 96221
873670 29499
459830 44929
239855 84021
490030 29576
158573 15662
586277 43703
6386 12908
10561 38795
289500 64947
113702 3994
601301 43418
588099 88180
72404 910
750288 98708
285422 93830
911280 75443
539680 87462
636723 95886
971482 26752
625462 30054
458766 11738
90108 81503
740998 668
720297 30497
281967 50350
850842 99619
893767 55293
787798 82523
656202 38086
981230 57975
848267 8862
649769 4299
296323 86491
200184 84156
929595 41997
914209 88360
553735 20669
886214 11084
621336 6510
357932 19654
473211 8773
819272 83330
680417 7070
365852 52971
661507 63433
310945 9773
272294 60714
930423 84968
763556 30607
869123 93150
472603 99684
597861 42689
820352 84074
870124 58039
606935 28055
377693 80146
953180 13316
963475 33596
320385 45678
486566 98243
709110 13863
524368 97756
274576 54790
582723 38131
585396 51846
247633 74351
267881 45493
633391 88232
329567 3515
46270 36501
731569 40314
16646 84748
653630 96472
834696 74014
342149 37613
988609 67611
151475 12976
65366 42402
967765 48088
496885 69513
616285 44517
160215 84165
590009 93605
488748 35927
813471 35018
372428 45040
475331 5425
746139 45312
918249 97186
135678 60397
934799 24286
344359 86273
637261 9724
28675 21377
574164 25559
190889 6800
786427 67455
107317 92787
661060 96064
328714 90882
647433 1141
535921 39116
122917 98412
284427 41165
411949 20104
817914 46747
544389 62272
949372 98001
88348 94398
819378 78863
536308 26618
402014 22734
394073 9330
215520 55132
621746 60585
46013 69178
761725 98286
424645 994
413049 9072
958510 24997
645527 76423
688096 6268
455047 53819
404268 59746
648216 23645
238608 84523
750263 56973
23608 44335
666303 39127
715818 4400
299712 78182
589929 77788
892819 14574
495133 22219
239997 53643
163568 85523
230065 51663
591790 1463
521833 12410
261208 70048
736054 16167
354570 2668
173140 78177
147002 55794
133655 79171
160193 49718
173705 66473
43858 66523
281046 38990
888742 37394
992632 68661
439269 39049
936675 31058
940511 58507
543467 18071
628554 95873
250589 99475
798540 40080
394003 61894
295873 44009
841064 72417
993727 14768
238890 37584
597643 36287
92925 2736
73681 85557
571396 12949
340957 8070
60358 97819
966576 20177
515889 95129
916049 82830
610955 30940
222909 4957
209185 35134
48965 66601
523902 59043
581368 79143
112978 95362
315430 5903
698097 5462
291459 85844
934762 32415
293913 95119
946585 76840
115295 78826
888320 47695
261655 99274
294987 915
20582 4171
552400 85899
70771 76302
144941 68491
871796 57919
380204 3577
463821 78301
609038 71631
380496 43799
420397 74409
55270 66981
967600 86916
345806 55920
234611 23812
355193 45949
124727 92127
550119 77126
478025 37242
269779 22965
822084 41575
397235 2287
361503 77407
796939 70541
649037 77435
30691 85785
368195 85960
952766 35794
772876 14923
191713 23838
938735 63258
569786 79813
955384 36256
773290 33408
289849 43069
572724 11932
700995 86311
314219 62497
863717 11157
549389 29106
288591 80080
614890 56785
666039 84007
992579 55266
898930 643
479103 54016
763900 48888
933828 19283
201496 7117
669042 91344
266537 41766
119628 83883
244428 33846
62732 8144
545002 12120
137249 49945
708551 68491
523081 74590
352497 32011
329855 67778
732654 25310
121793 96553
890549 55620
732188 92044
762737 1229
99740 45625
159346 19367
29508 3773
653212 92239
28269 14565
704358 81869
580861 12909
950359 3942
303850 2856
652304 50056
586985 84957
475365 8778
397862 82266
764397 30049
974309 43485
47629 90400
589110 23327
809766 34969
127099 79329
227207 55367
210246 47916
837236 91106
377176 3946
411399 97377
123153 63703
347433 10138
965011 39149
418915 62872
221414 99663
9272 12075
743148 73253
302474 48609
296579 28592
983577 23677
607920 27135
95396 34517
175050 48983
641975 68578
752928 53373
265954 92433
633427 29738
102570 14790
985239 21484
477661 23004
737498 3285
435078 96997
576537 53904
845605 89467
398847 45533
813143 23118
589019 24890
857635 80421
390224 99609
348998 43152
69333 31303
535584 2760
261041 54505
333901 46279
192340 11561
969282 29837
331197 20712
926834 24085
690967 88790
813551 89813
150675 43046
612930 39693
567935 86916
536465 58159
2876 85462
617662 72209
16765 69597
291320 94157
824101 25220
40435 16440
953132 26068
946276 681
446779 89461
224765 54097
678251 38316
743909 45277
181361 73191
84969 65647
376458 37786
740157 79334
539599 57818
967894 72715
543766 59213
866871 67866
400784 23657
900657 70267
949725 46933
670947 12855
752745 95712
566952 30995
450379 27212
776271 48091
216754 77592
930089 93212
31729 70246
488897 71327
544415 56790
644042 88181
232354 27264
972398 49489
450921 73055
19755 16997
236339 90702
829851 89083
102765 13154
936430 69495
256718 12700
217585 73471
606643 47673
583034 38371
334270 88282
726050 78685
561423 70091
966865 93776
913706 39262
459616 64626
328668 79371
281622 65006
686424 27825
554089 5540
540978 90518
375034 14047
719569 92618
787518 42564
256642 86903
997286 90912
475185 23335
469596 36607
609777 52812
346735 23483
408425 6350
888108 37093
802072 86082
302098 4847
313906 72538
310386 71235
863055 85419
685282 98976
794388 89151
941539 51030
876053 55176
158293 67589
178511 27888
904196 4639
97051 50930
828121 5475
573631 32581
758919 75703
435014 61017
380549 65271
949906 7287
636505 12961
892705 38138
428288 3445
827288 69826
254474 19693
825001 29118
87281 19863
557005 7828
824502 70407
758757 68974
675881 48740
401554 51152
740794 36567
12168 37694
618189 62073
844980 54694
291385 54037
609183 19672
457481 52823
605849 28306
172515 47202
157423 76147
983416 30779
283975 7917
401185 59083
976891 93417
407822 94796
544568 48615
247715 73087
302661 65903
551512 47640
636948 59248
401676 46131
595272 75508
715305 1120
603813 4171
664673 77587
180317 48089
508365 80643
972357 25901
539726 65599
19318 63899
360395 80237
128866 24461
153324 31526
506715 21187
579165 60015
580434 97193
422497 75705
389052 37801
893177 92865
541971 57849
786803 22287
722289 95168
219282 94646
237420 59007
160244 56737
222905 36990
853326 68122
677802 23001
299647 84517
744187 95164
844531 40972
408708 83379
533029 97759
921179 26205
306975 63149
500405 93778
701787 22694
905297 21068
433691 42716
196426 93934
399453 35683
147276 69130
803804 25077
292130 3451
525945 36316
14966 86827
393639 23673
670205 26667
221431 7735
352871 28406
570883 69628
622183 89022
108673 27479
710089 42363
186546 6515
652648 85998
358549 99923
871479 62352
141352 63608
265802 83648
716275 97119
70475 9914
220791 57031
36580 42222
364766 5803
486979 52000
791782 25513
241021 454
669343 67462
442816 55888
890328 95463
958238 48876
411738 29716
411227 53089
993324 93381
253088 25950
990499 39914
335863 27642
96945 88795
169863 78062
310949 73193
946413 2730
798705 87434
3183 84399
171247 62350
840286 61574
574164 14875
310449 85901
144591 38027
55341 54266
431407 8429
880215 38258
148342 32430
665899 61638
137576 52113
256051 48524
41657 2464
67605 40361
389897 87139
341111 61143
549488 81396
139068 23651
496271 65868
625904 57213
203894 81244
327830 51653
989672 8044
89910 54366
456825 72160
416003 94400
140624 72054
559275 82280
874517 43231
538992 80765
730369 80102
858259 96208
577849 97326
436211 90471
963193 62114
747683 83438
259709 75512
835090 65733
799908 41351
420098 56732
229862 52452
367484 70485
540857 43110
69116 15373
102693 8107
712489 49413
488208 87099
145621 66057
600776 98183
172879 63968
676648 20562
763758 36356
512425 15199
702088 12332
556550 22185
85416 2763
990989 69251
189600 31845
412360 58715
463570 31404
866822 76058
380817 71381
263157 42789
937437 63932
140971 10316
944252 17618
547229 24361
270325 59653
339559 72413
888337 12460
610949 73752
715223 1937
459354 4822
133782 71713
163536 97351
419469 46709
289760 285
418090 69268
843073 71878
449552 84043
498545 93803
318012 45773
134515 88336
621778 74073
77100 10114
402885 88049
217 18107
806337 59570
539280 40118
847634 19167
53820 67102
765876 43580
67386 83965
412847 26810
55842 62398
927204 54387
772552 45215
116511 23418
349903 38288
897491 27002
764753 16727
631402 81321
934833 37739
740890 90464
894208 88524
725982 64380
371977 91857
807959 39363
192173 37157
382524 64367
115907 9728
835105 4810
554942 67967
828228 21196
206255 42070
364550 87359
58796 95951
768680 9980
950041 9569
16795 60601
614444 42776
824980 2773
750985 49290
458487 59509
886446 41010
223875 18704
150737 75331
923514 5679
43298 68093
643226 65904
510162 7775
253262 85309
520078 38293
111640 70118
564214 28434
347070 78657
387561 72049
197781 38545
321338 56267
598054 24136
497277 38280
242839 48013
429963 66352
870043 73260
434444 13269
239163 60957
521043 8776
62617 57472
547069 74256
543942 27634
302689 91011
806290 90250
579412 4071
345146 749
176689 43199
141236 73965
797831 84075
321978 27793
66778 92020
217404 17574
221640 72918
478530 59035
981693 41147
816506 45113
231754 60447
672746 34443
251458 95388
741044 30869
515810 86189
247969 92498
545740 89205
882815 43570
773279 4792
87714 40056
913163 21469
373981 34803
794386 68863
393837 92430
426361 10342
853895 58114
87141 42992
192556 38598
38379 33599
169466 70540
536140 33786
279390 81879
322990 62204
941800 12620
883347 45865
452676 12861
367333 43008
964015 61718
711870 57851
454147 38230
84545 24393
796344 71685
867385 88899
26634 22115
438850 12451
492655 74989
646236 88396
573219 69226
966951 15018
98197 50297
60882 50872
163157 44566
410232 27172
106283 22101
1374 76781
260331 2270
417526 56674
290306 84910
561924 33291
707024 17125
545741 16030
8465 8329
4425 81683
193906 71375
613052 92102
338023 90285
359326 17532
134850 69557
661055 57484
891657 78780
350617 51987
297402 68142
725012 4059
569403 3288
937350 76426
320412 99442
992456 28877
707770 13232
426911 1675
959 56315
193777 38981
262951 53102
872864 14153
839010 50270
671636 30666
229050 38604
399005 42803
823097 40368
146861 8851
443655 84210
185277 64067
83652 94084
609295 7773
207315 52557
209448 24625
625223 19576
63606 88174
989029 52821
802326 28038
503091 90313
75055 48492
45269 90411
291294 68365
630779 54506
777216 74433
555068 78844
354851 38719
172927 80497
462843 96593
33054 72290
621218 58276
108217 1175
62801 97245
170347 65126
441634 89789
855439 16689
954632 707
507099 45925
285423 37877
716783 78990
728662 71850
57833 83512
426920 47111
80361 89762
160056 13414
78404 97625
288041 86620
15151 67194
283865 85497
732319 25498
891638 87757
758538 46269
4815 81989
608546 6590
436217 25328
385579 64878
597177 59764
764742 40448
223226 45102
430209 99633
474867 8612
197257 79259
695232 28759
146452 95448
914256 78771
737297 22245
982879 95835
168513 4046
277823 77058
310635 14039
618737 96213
395269 32265
172328 60010
272712 95554
521463 2921
295186 12681
727884 8795
791939 39467
737553 54743
434914 68160
333513 72211
490404 32743
184397 58917
853140 78571
952326 63774
208961 71063
376339 4229
303327 48666
280590 92391
460571 18404
311663 55757
831084 39546
280903 23023
495365 18455
77765 30278
186615 27629
618840 93370
276723 19588
368638 29863
298158 20964
809988 23471
408378 86326
144051 11704
251344 24641
320446 11914
259396 32108
984022 90480
188006 64924
229854 83370
799731 7618
613647 86345
751598 48839
696066 44672
584778 64704
674534 99288
385667 84522
422758 94044
187199 66808
22099 54894
507800 42545
666808 67196
491004 67181
374027 79009
948457 3880
362378 48187
911497 92377
250883 79446
241215 46948
724117 25992
11651 15003
225279 13669
399524 64388
224064 3074
247548 62515
57968 55347
621411 41127
38894 12414
408307 12920
791423 73115
16799 70152
621301 44647
162528 88535
140444 20094
335483 64561
262438 63485
779563 4068
293506 95438
168456 17569
798511 16003
280083 72830
687701 17845
613956 42947
530259 38615
655866 38033
411729 89017
508184 33030
150015 87064
421564 90459
107157 73398
155019 69594
653235 50933
890014 46740
146370 58469
980660 61232
990823 77095
834062 78523
194939 64369
921469 41549
502983 93687
79581 14712
799055 4117
464093 49069
291180 2008
239527 14688
191758 10897
800634 44992
361829 90647
308083 24550
265467 5094
2134 56289
582188 36195
451163 93479
316915 88984
535027 19898
982670 30960
250961 98076
751428 31405
247144 58959
633412 3023
473646 25169
913919 90631
186512 92100
997629 10946
816649 63095
332392 18782
519383 14579
171328 86898
724409 4595
375881 75788
824492 74902
906747 91804
172977 58174
823208 20120
217132 56619
423142 7129
798140 53413
514112 1003
645512 11740
28301 78512
774835 60692
313646 10569
791622 84973
297466 16031
5919 89698
808170 30410
64599 14916
938565 37575
889441 61772
174047 22924
734743 13540
830052 49234
966952 60515
66588 12463
372255 94888
107327 47089
971931 20972
474009 79905
422296 71475
312287 28215
961172 20456
774976 42123
835371 13541
779697 41163
475312 70095
864086 26406
583635 10489
775639 50586
71004 58579
679401 43258
969818 3079
106698 41749
724050 80706
738005 46345
868532 50291
574559 46056
170746 49535
888178 22468
579427 84226
279982 71090
654321 44067
297496 54307
870907 89486
821244 58262
948064 16996
901519 17882
320074 24568
375982 44123
621626 30338
706820 90157
680628 81378
836212 67725
147264 40741
406544 26690
424967 86525
297780 95639
346943 11627
866297 17849
701112 87540
676111 65528
704536 93981
599761 40961
618549 92094
585084 56526
122431 91903
246682 3058
89632 99246
687134 53248
356338 93677
479937 97656
780201 94068
893294 27143
922046 59590
861343 23158
963482 37453
305037 84369
147786 4797
725329 66334
913242 10412
39211 35672
118666 85892
355081 24650
401489 58566
477897 74179
652242 74185
571834 48794
768253 81480
592288 90298
257421 53630
829807 20902
507435 51195
405270 55220
72343 46951
937905 85584
473714 77115
537607 92380
779358 92687
317029 97199
451252 11277
971377 19845
785461 43210
84990 70065
524689 77277
760363 98462
647259 6521
519363 71045
274068 40985
326264 46410
87935 80520
848346 61648
273986 85952
670379 69695
794991 87407
266893 46242
298683 54621
382439 496
814183 67428
670560 55223
661057 47274
153684 24667
570147 73047
495711 44214
630383 38326
190623 18317
118845 38968
796316 9182
424920 66695
478876 36262
970453 45769
498855 85488
16741 81293
385983 30923
865073 56542
686146 26129
520168 39829
350795 90314
29227 46505
934527 59609
701182 41501
894277 20026
680469 90593
245559 21740
673639 24434
358001 60443
986554 56855
945930 3295
254500 48264
350569 19572
421158 36714
162052 41325
392895 12846
31638 22121
875702 82516
81730 76883
124016 92358
913260 20836
182950 75170
458927 72940
399603 33279
533383 2509
706486 95664
905803 60985
843928 56371
596908 81437
809437 58959
722761 2331
788156 70750
624451 80209
269617 22532
273443 93632
714890 3054
230820 14191
378223 89746
787131 94177
23025 36865
196685 29510
832528 18839
206846 92807
875210 3753
974243 998
79063 13355
403328 67218
456 44130
563778 70072
283014 53572
180056 97903
56625 10875
928445 51199
616972 31927
245375 39996
68791 42060
885857 17671
60898 92702
610477 52459
412806 84720
653456 91868
314426 73135
875437 14882
633617 55566
101305 16630
309137 81360
430884 65761
208586 59328
316959 25558
107607 62334
981905 76397
520745 84114
594067 81642
993167 20896
550453 5973
305615 20260
414192 36392
809747 89629
967625 43363
245194 68930
876344 70683
866641 7227
436443 91579
182906 69754
933488 90512
348439 15392
466909 69183
815857 77327
967176 9024
298222 17628
731348 20188
754240 45539
256580 63986
951519 24204
7348 13065
809485 83691
783747 76126
707269 36541
267704 90174
6294 1191
180686 54732
632934 63946
740266 65143
741272 7442
774166 55846
741421 5513
676033 95660
167403 48964
59645 18922
189520 66992
831986 99004
467034 32084
191481 74302
868624 75536
64476 74918
693078 61513
746001 26012
925458 86267
291154 83081
193708 81671
738926 35128
603535 31311
430788 70937
896626 6784
889858 86145
590128 38195
601501 57161
370278 92981
747815 38902
768517 12290
630171 61594
90154 76171
303957 15611
862437 11462
715043 72496
693132 53969
23976 96666
901631 71115
67603 98256
977898 73812
884401 68025
712007 85901
141538 98636
795233 89352
837537 63749
217993 84059
541695 8146
360230 62003
840108 39018
473465 55150
827866 82948
525470 68193
495966 43452
339307 79920
741708 33556
553731 42460
917933 82089
144712 59470
380725 39944
948821 34613
20045 66813
718672 61739
991310 95253
923741 47769
850622 13557
419270 78487
596505 44740
563031 92470
404543 2337
172389 46250
735893 26119
288709 53825
508208 49772
229646 5284
889716 78466
139896 9760
861630 58567
987850 69291
453819 11590
717059 20793
825147 36328
15631 38003
597419 78662
30472 1962
480998 19212
664563 33242
961682 69624
903418 86241
419395 33063
391524 25462
827880 31420
735221 5861
389986 23070
575151 60157
151012 8561
697301 92510
461241 12931
430512 58659
291592 60983
576972 72590
696546 57887
22183 58227
743862 41953
644468 63256
575015 35991
988718 19247
567410 40290
641459 73748
963360 16610
350256 30723
541522 47556
123232 2762
760486 53743
577773 68430
531077 71096
341019 27622
428982 79553
885848 72843
321505 46667
852451 12872
82658 41168
848470 66419
597809 89928
156518 77520
222889 23125
708242 64411
70680 31473
767172 47518
385215 61296
432299 32643
532392 89669
660264 61373
169221 62464
650568 7078
109130 3018
419949 8139
860537 68418
874558 58345
274697 31075
535865 97586
570552 44106
261996 57583
591931 45519
505100 93497
406815 37398
926140 39206
743418 2755
416930 12639
165218 67497
919716 90700
570514 56016
498838 47402
640785 89747
405747 15481
920822 57963
413066 7725
218420 91413
165307 10350
736932 70407
303847 43746
124156 29986
599303 67574
332740 16232
296564 14310
83729 32631
805009 70594
588646 20198
117996 45782
709945 23742
177614 47118
498056 90680
154842 16475
298444 20148
43177 51727
506906 47023
211824 47414
93360 11126
531339 42451
827358 27902
473112 27438
76884 94472
598031 81881
614670 16026
927662 40966
756119 5275
988083 70526
212306 59276
3353 10750
979423 46529
578828 2681
909903 90652
150094 3262
601777 97784
462064 45486
542037 35176
372923 18920
245999 87306
800800 77020
719683 44813
217985 92154
350087 22419
762679 78745
381694 66031
589494 77469
812559 68321
396501 22461
475324 62946
242074 77101
260729 20490
22586 2765
672017 11861
938036 18015
399166 55187
295035 18848
499999 29371
111001 50085
751790 90032
928829 49835
156062 34674
527303 84973
719347 23803
207433 94670
503100 65859
788122 63828
186348 10708
82944 58364
238920 20979
292730 38085
276165 87764
273284 76163
617135 637
142600 85276
290668 87780
535110 46729
138806 78765
448053 58152
502567 55486
569173 5667
137696 57295
285846 40395
684354 68790
215110 23273
906120 7839
77709 98637
611955 67344
474799 45441
767980 33750
630716 74999
721530 65825
21728 60335
744589 86132
234838 63508
157969 4010
285526 95664
677656 87723
136058 62009
972864 51167
285281 78984
375358 79341
577620 87312
746685 68770
249104 31016
702520 79819
606015 40401
561995 44094
317087 22936
130225 68276
102795 88194
872285 4672
583857 66293
992394 36267
428301 65258
103785 29934
844241 79142
109274 38212
982805 72310
506981 31908
403326 25852
628078 9340
182604 90073
153433 16042
529360 83657
84317 32154
571850 72954
536825 72059
539246 29218
908325 67546
10827 12109
713831 71419
7603 39457
309630 90407
711766 32963
222315 15091
575166 50392
640782 74122
556816 94214
290163 86175
594223 90832
718328 66072
363785 71504
838130 3030
817074 62806
386927 27900
791267 758
199319 98869
956566 25300
789275 68331
874614 27941
299774 66132
378333 40555
240253 35148
251121 46767
537675 45343
937598 56002
527766 17734
27506 82248
720763 44579
145053 24042
188830 36319
241151 4500
735187 97716
929800 40814
382398 20765
568754 82171
286896 63438
139078 43500
398586 90198
606619 36260
751892 60568
708613 79657
878302 52470
678256 15416
613400 39661
739457 2230
792331 96959
706729 43870
694674 52880
84683 77072
473645 53436
759242 76892
116874 14671
836744 31811
804868 43362
484422 73111
20281 9386
352768 98582
961856 47375
13998 75255
887035 69806
377484 79366
766765 565
723235 61438
753444 7917
54861 43440
977704 30455
536684 10929
745125 73427
159091 66345
333140 43512
139455 53420
352898 8574
768354 31105
555949 82351
406359 42983
568508 195
638700 35272
900759 61934
313062 70554
686202 67922
430346 80258
698376 67029
791186 43501
856807 50277
26197 6298
110140 65651
576069 79389
174225 44422
810493 46525
643124 33204
689507 11632
549750 44559
63255 66860
206492 76316
137413 9046
744238 84110
589303 58965
51138 96840
918817 24296
363468 45013
646945 89960
110664 23014
969348 1240
83787 96193
47764 43263
29396 53622
971246 79145
98180 34500
62356 21024
927168 99768
230069 71405
800230 35723
146721 51367
232562 65538
792015 12382
526902 38959
102341 53917
178324 88040
955156 62111
884232 2919
505373 29979
772893 76618
525475 71072
27469 87830
692095 54636
303950 38515
142392 4179
774237 5465
471897 23151
871002 63911
635532 14255
219222 37872
68172 97545
325911 23327
659655 26495
542598 81379
156473 15490
674348 81948
702913 1817
786129 11360
172804 90078
349874 31548
194256 24111
637012 66153
163613 24365
446415 99144
938619 65636
53367 6790
63181 95629
546469 22835
138475 89066
920566 94948
920907 94913
493247 23819
296729 79375
535178 85885
885805 1404
817432 80060
41866 54443
262564 5478
478807 8979
520973 33777
890966 90691
940567 54146
986319 87035
193333 41146
92452 13898
452445 13358
708810 45691
153528 21891
741417 5058
507775 27221
606461 41558
223633 64678
812352 2548
370155 7510
227878 7479
741286 18844
498169 81852
72989 839
685238 66321
641984 77689
896570 94428
307398 5380
556470 60926
643622 97887
665983 51396
441459 88795
509305 81443
953472 21656
183991 39978
129165 11868
247456 70450
530711 45624
68654 20052
262814 70243
902724 4798
564284 99294
515577 71681
921025 72047
848958 64646
886285 31292
232393 44095
820086 41697
25538 89909
63352 25880
129886 8868
137747 93693
95669 84810
639316 80674
821213 18482
950917 40288
323279 15200
39581 38855
903232 60605
427253 52190
41602 13537
783481 73994
157632 3567
15690 83169
409827 95393
425400 39713
820612 63146
433405 16281
264307 89073
596954 1871
7554 64222
842159 47184
95773 98091
202390 99005
875048 29643
751194 16649
943179 34674
190643 810
654592 22684
800330 64419
834429 25729
120483 55040
305227 70239
87672 85885
659311 978
204108 83216
265199 46266
546751 77324
444356 49141
876328 19403
378783 43873
752404 38313
678546 43046
455475 49490
182081 55804
430260 16509
997885 50742
187901 19463
620980 75572
421699 96643
476549 25806
496210 58100
672071 42961
135423 32779
792101 28102
468533 87235
671974 20936
525547 50519
680333 81021
716360 62414
236825 46619
878922 51061
697360 66822
86875 34692
858746 8573
147686 51646
134379 43895
109745 22801
203207 61519
471931 95307
289620 40464
682541 61593
161399 24440
828464 41732
705460 44823
220497 58636
207794 99418
209696 21505
682592 96570
772548 57689
321495 20233
909334 55873
80480 35431
295025 83686
296949 66956
795345 2921
223771 94237
580865 85169
718676 9328
743252 24136
470503 63748
882771 94648
579518 8819
616152 78461
421740 88700
352501 43234
308932 61834
715458 5763
797264 10483
189449 10565
293790 84793
713485 17560
495381 94349
419080 14057
220029 78684
154544 6883
158783 53666
401530 54652
678836 17681
549464 576
406380 1964
360161 31664
163798 75619
137426 77413
602453 43226
604329 96242
344370 34165
930153 39751
128514 49232
570159 64894
544267 24702
71776 3050
794719 89657
957701 73555
7337 7165
90482 30069
409128 50642
678084 89277
42612 15509
83042 45064
658735 87370
57657 19456
521535 87809
359206 66400
853393 45716
547645 97659
170417 35772
100708 81488
125428 74761
471394 32764
598277 61875
579184 23756
12516 57267
613033 55128
589128 12426
216543 64214
899795 74200
283669 37681
778360 42875
620432 31752
88590 68076
545763 75359
303847 62822
773198 29274
737582 44591
78390 35858
806465 57573
375966 35332
914840 5350
906811 3967
717775 23354
268180 33921
397553 51848
587954 92264
711074 8385
324016 16016
892813 86130
607726 96659
548951 80923
142285 86533
625513 20674
138742 48329
394598 31059
283660 9437
536408 90471
329755 54182
830176 14286
388103 44080
182486 92408
436343 93559
700792 76710
725926 93604
662839 33651
306615 11790
230925 48899
14674 72789
185924 69767
321117 80521
217178 21129
406310 53585
827951 36064
7767 74478
850350 12221
918557 32835
404628 54899
442745 21771
147961 68671
215375 27151
18673 38341
55292 65950
487239 69965
138738 73162
256084 76207
770034 73261
613687 76343
743197 57989
912407 67315
132466 79108
695887 51022
311942 16866
922272 71038
238637 70232
956060 70363
397383 91085
8703 52674
257034 95941
38991 95771
685454 11426
888329 55487
801038 2015
148182 60586
460003 60588
327901 8820
339695 23787
159841 67988
640653 98465
955377 79289
185048 11437
366003 98782
402521 74705
67808 75906
386997 23150
88028 88802
434575 76357
560640 51964
994723 8821
812549 54726
769408 40449
563545 25454
680588 39738
309793 21240
838202 65170
716880 39601
692958 82882
638383 11830
973938 6190
787735 60934
329339 75762
466087 80265
852118 26726
548580 46841
735547 61128
817918 21306
17929 97814
163112 98516
653903 72904
536107 8456
738073 52986
548057 47382
852219 86439
559211 26156
408980 46945
703441 38318
739059 69527
534934 91176
712604 83513
954368 48150
444640 88637
985808 78920
186451 48919
193787 56705
621822 29893
365161 76247
499230 29569
823628 67800
616007 99191
210307 24986
246135 13747
279655 85193
599625 14588
92721 12229
898100 63440
276730 59091
852077 62537
354363 54879
411455 48149
911583 49629
794394 93095
425875 9975
222663 65854
194127 55021
665044 4433
896358 27531
834532 76012
929075 34156
506951 21795
262736 21402
101587 39466
296845 53663
802002 51207
24893 29809
715707 52827
279437 26452
245922 21663
352779 84936
987516 46905
856309 68912
951337 52666
596442 2220
445030 25516
736376 51980
63663 15463
389734 81601
54928 86578
635263 73282
854136 76507
619442 69842
629333 98878
112646 91606
120540 65424
892894 24407
528680 49202
793318 80016
501867 6111
298588 46896
947979 51315
415228 11641
66777 4961
693241 38057
491538 44855
527690 45673
537713 47131
431866 67045
46008 44511
558651 82899
526286 67896
307305 54965
717097 623
51333 18963
6733 49920
682211 54711
901234 97438
482703 84362
902398 92295
122418 10287
53501 50107
255959 91213
797237 4176
274610 59596
748687 49612
42494 91324
317507 49799
846289 34603
966773 13973
253565 89857
280244 35775
960920 81477
549564 59974
665838 51961
168621 4608
878599 22121
954714 34557
329686 68303
855085 4295
627898 20123
953906 70392
911446 71412
950536542 74086
394822366 3314
1594688058 75930
727509522 68301
1982528057 70441
1044666129 93972
1983430415 48319
252562285 99035
1821152926 40883
1211337507 23991
272091792 67192
610408645 46876
758787838 36543
690066998 58095
1451223286 78443
1989529506 76179
326768881 68223
80295844 56938
230460505 5365
1369941591 4913
188792158 24071
505098884 38924
1160972389 61168
2026337958 41666
1226102051 91816
379782009 93842
775375360 90653
2010140717 63197
691743547 24066
1616421292 66832
