39384
64153
7983
45294
91
54434
14213
14224
31386
22183
46805
22524
52955
10307
52165
54322
8078
4384
4058
7041
1007
15537
87
18398
2044
84004
70139
76889
20456
24207
20989
54910
76132
2901
2478
292
4467
37893
2560
443
14561
892
43864
26077
7370
3497
12307
6938
21264
20355
91747
50340
10595
69795
20359
25210
20706
60428
56202
1753
32055
17359
38991
28154
43623
26389
16869
446
28457
25487
7591
1188
5606
30924
16183
2493
3793
30601
29032
74809
2160
26949
6406
142
55294
85876
27442
17617
11623
1810
18639
472
30306
3017
10317
25569
69840
36956
20193
93
6609
1571
8123
72896
29131
78967
35756
42234
83482
53096
19679
1361
19128
55236
22443
60065
21466
42846
49466
853
47210
82289
16941
21159
11550
10954
37263
3098
10485
41718
11761
14071
29694
14824
19975
6353
30764
1747
1134
39413
7051
62558
2481
20459
7703
31194
41845
3843
37471
10746
43782
22071
20452
25692
22570
32990
6715
3460
4979
16724
24104
26673
79377
29008
6042
21296
23674
8443
27220
25256
9310
64218
39849
3191
41428
14188
19230
1155
18377
27184
48109
820
75545
4117
63335
33002
45404
626
13676
364
5985
3933
1760
502
28284
9288
42971
53355
72249
61842
37838
3378
44744
10635
4096
561
11217
53142
31388
16220
22116
43528
18458
111
31280
37970
6059
3805
17338
5273
49456
54227
501
35471
916
5631
13217
3559
41833
23430
4879
23040
43238
23743
3912
48822
23321
87594
9931
3333
75279
5084
6136
875
24299
3834
267
51537
33447
36954
26311
3857
23060
53333
21570
15384
7896
559
5319
36387
39157
18581
14740
10905
2217
33113
769
13113
45280
53349
20030
49216
68068
7975
69394
24308
6760
14412
38087
38679
4
75048
14870
43726
894
12057
75106
10612
3094
2330
22150
29324
41820
77328
68222
1037
8350
9458
36305
11734
36693
12469
380
14416
9919
5737
9371
63620
1047
20763
2913
50637
52098
852
10654
32845
24702
44902
31953
26232
22528
25534
37094
2087
18620
11657
2508
91934
46170
34351
52316
16456
10638
10876
7656
34665
4655
28143
16054
12914
30882
44116
44970
29986
19556
2604
46781
19100
61445
67211
458
8990
53770
65568
25091
9606
3027
1571
353
13826
25245
26662
29793
2150
8269
16007
9861
40132
4088
14829
19497
21293
20631
9579
7302
3966
21135
6297
11229
7191
5484
20644
15780
53516
29354
29953
3902
43389
28594
52856
22996
23931
2521
48954
19490
2865
41035
5317
2399
726
48619
187
7033
70172
16054
468
36585
10729
12497
18999
8381
729
3866
245
276
9478
19221
50916
8904
89621
13633
2037
47701
10633
25874
4506
15768
24285
29501
46421
35987
32035
20620
6864
12445
70257
70294
28611
3336
16685
17093
1149
73328
598
96597
59204
31096
22311
18078
16599
3083
1840
18288
2611
43353
43445
24402
17833
45416
66648
18083
130
27903
4597
9526
50444
21280
33443
49801
13610
42794
32826
11811
69295
15241
10203
28143
61108
74304
5244
77605
18679
38886
25765
13950
37541
74442
23246
8045
8921
21617
23788
36534
11160
52983
22657
31594
9268
26383
7031
8316
2925
90237
30989
19836
29530
61779
30090
3986
121
39926
43705
45794
2900
7487
9519
69223
33367
18423
2169
34442
27718
16369
52441
5647
10402
16841
8463
60657
24064
8508
1590
1824
75043
29541
17076
46245
30590
36384
26804
562
44050
25324
71889
6281
28756
33285
1831
73524
3594
25599
25270
87475
71
11938
1750
43996
6827
6541
29226
29889
36149
16996
61714
1747
12698
54236
22664
66856
5311
24611
58460
7456
11502
2525
27326
44326
1250
11058
306
1125
2131
53046
24123
4555
35376
11684
66779
22245
5459
45162
14502
2136
72588
11200
20264
20590
8376
22716
31561
53312
32671
8705
5700
15881
52757
28473
80543
4430
210
6971
16258
30198
38437
790
33114
30104
4105
36499
13773
9735
15295
10166
29
35974
47736
48654
64422
1741
5342
17009
23473
50682
7468
22739
16522
64797
5596
88688
31649
10417
44500
20384
25857
30172
63947
35077
19165
16928
14152
27573
47567
262
14359
8592
43023
5341
34
4492
1805
39119
9278
4750
28666
7
76100
77987
43618
18454
35295
54454
43636
26787
54208
33104
22476
76297
5023
17334
55665
957
23518
43902
91101
13413
56576
47061
29563
28
50486
79862
12881
25170
9109
32095
7874
63361
22784
5875
11644
6675
28863
49156
56694
1093
4649
1329
16017
12987
24731
21285
41833
50641
24277
33023
2337
80199
64489
879
32301
13941
567
81574
61592
7712
5997
21740
10699
42490
45919
10974
19326
60309
71163
79963
69513
20948
6734
61926
7197
13086
722
34643
478
2784
9877
48039
289
33883
15785
2750
40029
17438
4137
11623
46257
4079
40146
24427
37175
1532
27830
28661
11628
24506
24665
33702
12310
4512
67524
28921
20266
2853
4916
24093
4912
17754
14914
31514
13955
52309
370
19943
996
14899
11
19002
835
14169
19478
379
9378
3791
7392
461
1665
26194
23965
29812
387
35455
49592
8171
720
17501
9642
19078
5798
1089
1398
23562
4164
3348
9779
15224
30694
4743
3653
3713
76926
14732
28393
40577
25741
2597
6849
726
10817
32209
20550
42017
39463
43630
3697
4914
15746
16164
5130
35702
70867
22872
15063
38139
45614
11747
35377
50608
9905
15300
56131
46465
17554
26581
32053
37139
10883
18840
73863
33333
4367
5510
37143
64705
10464
9004
63187
38174
52233
28543
4151
38124
63154
29434
48888
34311
45830
19862
15235
44144
15193
75785
58404
1082
4221
39717
16195
3006
13778
36171
16596
447
2369
3507
1382
1505
67470
66426
56936
756
79507
8577
17429
7870
19435
64097
252
19488
34675
22994
16997
32088
25607
15701
21324
26071
11924
18379
3076
69710
12357
22455
39873
5991
37588
39210
7451
73654
9553
60670
58194
2765
15602
22624
30527
20203
46864
2512
38573
3083
10396
3033
21235
11413
23171
4531
3575
31627
85304
591
70894
13653
49751
34967
8003
5031
19339
395
32027
54
5803
11450
94634
19906
52833
3860
8138
6088
1450
38721
49703
3564
65342
12036
6622
1919
4611
6902
76425
4621
11647
15937
6360
27335
15436
13035
38487
13881
21178
51341
40195
6715
54074
13122
1971
32370
33541
6493
93742
43760
13540
18532
62180
12669
61497
447
33585
38517
13844
66591
68539
35577
61536
7582
10691
13028
67186
11438
25646
28996
12618
29884
20997
3378
4393
29431
3284
17937
6488
264
1748
21063
1036
40509
72604
65119
22192
385
20773
2925
29790
19156
34445
47386
96523
47755
74008
9499
12834
5746
46164
5269
36517
54797
179
2132
20901
6753
2045
31655
5260
20344
4208
1531
8220
27208
188
37714
35339
1534
7028
21905
65685
324
1268
1948
66938
9843
220
41319
14246
52217
16299
16572
27813
30680
35170
61040
30444
31005
14535
1997
18914
78061
27300
42726
4912
23673
3304
5253
30515
915
22027
12671
2631
84591
997
74840
11217
21121
1309
20598
22100
33032
3487
28441
1772
4253
41860
24565
43607
64703
32109
27468
65956
107
2555
34182
61798
27805
28376
1488
10153
1261
21219
59506
40782
37252
99
10702
408
30431
8139
18193
14608
25073
1225
66730
21601
76699
31716
31997
21290
3714
6876
9747
48578
1766
14586
39979
11579
13944
51766
859
27677
2512
51072
56319
30684
16
19885
38456
10135
2764
88047
35631
82902
10465
5883
402
38085
23741
21622
29366
8918
8550
78865
39302
52424
216
515
19022
1268
8074
9755
37220
1887
3175
2742
48918
21086
882
43384
8276
22449
27236
606
32935
54326
43051
3536
72492
394
26138
16477
765
33961
60872
38076
3485
37432
27442
24505
13895
12730
25925
35693
65677
6683
36859
24949
12728
14375
9761
2677
73185
14315
86635
6432
17622
873
70264
6372
15535
6362
410
16161
35111
1955
11697
10051
16649
59580
79950
31630
13531
45817
2805
57622
31342
42633
22537
17114
1717
11194
0
39116
51604
24965
868
60220
40806
15196
49142
39533
63068
8009
33297
8001
50275
9578
10245
10292
2585
10829
14874
2718
79833
65791
55547
5880
32833
19222
12695
44130
13607
65673
8883
1306
63658
11372
66045
24808
28881
60964
74756
17901
87764
14404
1092
65493
22227
19637
4856
39805
11852
80295
28792
73292
25680
2837
3532
6814
14868
3472
21500
7030
4315
4256
22552
19248
63414
84010
2548
30502
29720
4858
3836
48223
5174
12724
53071
9098
45652
1986
1350
2094
1071
19394
10352
14156
8978
5107
61693
23708
42909
32601
6968
35038
58805
37142
17830
17251
36638
11472
32588
70905
18995
6898
50886
18094
56857
44608
46311
57616
34179
17490
40290
21740
77
2493
48934
22526
14513
204
28912
2336
20124
1051
19031
12281
25772
90814
60914
21102
34513
242
9598
68787
6537
14947
29813
19855
12212
11781
4520
13053
17261
82598
88941
3531
57143
86325
19727
10891
6759
55316
34052
44724
7834
752
20315
192
20541
26347
6670
2648
38677
44263
4392
19174
1290
72514
36391
691
24466
71121
43635
6334
28188
25882
5405
8468
24770
55
57026
29599
16558
38562
11702
26604
47647
7536
23778
5260
10349
21177
46438
515
36546
65008
12559
27792
5277
36038
31499
44661
2191
9407
603
55203
37803
105
514
4787
1202
40176
76361
13834
15230
11479
52768
36663
4095
51517
11532
82230
34321
14401
9047
16811
64040
95005
12495
88635
20238
4975
68653
47255
10868
48084
38490
63336
23593
7831
4607
14132
41230
6602
24672
5753
14043
34790
12504
4645
13988
629
25341
8715
40483
2681
44997
50927
701
52628
2468
7248
21842
44370
21418
1400
69229
1927
1632
28025
77792
12408
102
13467
40365
27157
32878
25160
32921
41856
4335
79999
14276
41661
2597
12445
46861
33361
597
24470
34305
5536
6899
6108
331
1414
11165
33650
3160
23236
54955
8534
51605
27746
33319
53565
6798
4119
45657
6531
1235
84366
60382
1387
408
56799
4891
1717
14792
5489
2496
11635
70011
3792
51477
34311
1894
65465
22323
18114
23480
17373
1212
9162
51489
17831
37251
12463
52422
24697
8136
60259
6421
35228
40110
12002
434
43265
2538
282
14443
33283
69724
14192
13998
7905
29038
37217
30852
5069
2200
9480
88105
15445
6939
26019
30479
4875
4358
27727
4627
16988
34238
10602
4369
23657
9137
24718
25456
31796
4427
27467
14197
132
25089
10725
42394
30891
11332
25263
11564
41636
50888
5549
12327
52574
38831
25338
13922
25393
15868
25688
4462
1595
60762
1358
33016
81124
22713
3409
9442
3791
23911
30636
65157
58074
6274
51430
11801
70983
4375
49104
1192
1087
41888
58034
11362
11487
439
27273
14878
37046
4856
1196
7200
2286
15413
34970
5651
48776
27167
38943
4400
14103
16264
11105
70862
48273
26758
86358
9888
31093
37681
827
36940
50835
26012
57383
93520
34815
20261
486
68136
50941
26505
469
60
2283
7551
3590
61780
8044
8976
11645
488
215
3035
48278
22991
3858
65733
37685
12409
6259
22559
53311
34318
27668
32662
35757
1820
36360
12393
25270
75008
20829
61624
1514
56399
13070
3644
24874
31992
33153
1470
5864
2500
15209
16223
13467
33317
6282
12323
8902
35793
48679
2601
14969
5932
12147
11011
34789
10887
2070
22557
12603
32460
10863
29261
16400
18409
30834
10135
13291
3792
9055
30490
35637
71370
4368
65806
19044
1955
53032
93451
40518
16457
16073
1309
31625
779
33117
42580
3293
4315
46226
4592
722
3465
2135
7144
8336
2743
40100
29487
29827
4962
10633
28846
65368
15687
38597
7978
2759
62617
3304
37008
3101
6425
26459
1861
6880
1948
5626
6099
30042
62170
52450
50744
18827
34347
8634
50467
27926
29038
9460
7186
216
6588
13095
2988
13144
618
8433
7268
20100
78435
16147
4807
26498
13032
20656
18832
15660
4623
9270
6559
43235
777
22565
87349
5160
4730
48963
13019
1550
3455
1849
46962
42760
51865
51281
13362
45880
1018
33390
717
5757
44590
23632
2465
4417
9198
26908
27035
8889
19292
8455
12739
11153
44561
25620
5045
82221
5396
10360
55049
12080
9082
7147
39887
6306
27395
68592
9286
4112
35156
35196
28506
2845
20744
47757
29812
26624
1610
24653
15866
18249
40915
6451
37929
33010
2926
3489
1256
14141
31774
23983
62814
5642
33388
16843
20535
36261
79404
2903
17458
8707
581
3944
25716
36594
18528
18199
1485
25500
44170
47951
34489
5157
20532
40964
14632
33306
25296
1495
43135
7576
32380
67889
644
4073
51707
73196
48434
64069
8229
7087
16780
24615
20876
20883
71038
43091
38367
45976
73001
5259
14741
23576
43053
41179
24961
349
19343
7336
38102
41391
35938
1049
23494
60714
34837
2011
127
20674
31557
10349
9147
25708
21531
18680
10885
21223
1632
4167
36161
28357
17803
3306
15127
5359
15894
14431
50190
32759
38892
28543
4925
8258
6095
4574
42741
47140
747
44996
8606
404
13784
11431
806
72032
73546
36621
18414
13209
56056
28075
2096
12920
7092
32326
64949
42372
177
11106
52614
17232
55417
2634
5422
19490
31475
36664
8870
8240
80365
3143
224
8293
2554
11912
21310
28159
37722
2072
33893
24829
23561
25661
13139
70630
7921
12792
27171
59970
1792
20198
8451
69993
30001
5312
19862
31067
62746
54253
81275
11642
917
6210
35360
17967
40953
36663
37503
992
5710
6555
39777
10761
46578
74823
8992
11606
9441
6556
15580
19716
11791
31679
7192
24009
18860
699
20237
56507
18650
6832
24377
3379
78441
14056
11370
61450
2308
27514
8778
30697
58648
7383
2617
21347
71886
47668
34690
16021
37301
3711
57754
2465
39542
67425
421
9605
45524
65168
12602
10524
39932
22917
22251
42991
40705
26225
61478
56870
18708
78579
45621
43853
531
19377
20158
34694
35620
24844
13251
63371
26251
4574
14583
38046
10309
12298
65561
26353
4665
17992
6946
73660
9748
70064
636
25488
4000
16131
31094
4897
39671
5724
16840
19202
2051
2088
1866
18478
9012
323
13081
22323
21687
83604
6463
15169
25548
2536
6753
6856
1191
61373
378
9452
1780
42740
53812
288
34950
51665
22308
18290
21805
28794
15069
30605
37591
2515
42137
3231
1241
10961
69662
35127
13533
8665
11190
15130
7171
74306
16140
57383
14899
27518
34434
15193
76151
2292
36093
4280
11
6574
44642
46042
15936
56793
39953
3744
41313
21180
26666
158
477
1235
11877
77879
8619
47105
2312
14178
9293
5684
82503
5017
38601
28724
20679
31531
1985
385
29277
35973
2959
17083
945
37003
44080
6402
19750
21975
5040
21467
4845
4919
23108
11729
62561
75871
408
27224
5182
10556
21765
3493
16159
2031
87399
2604
16069
2727
27882
13693
49113
30506
21075
53814
250
32485
30938
68736
21113
20497
7232
72812
6351
2621
6185
11400
2849
12231
28483
5805
49108
47460
25710
17406
1729
85043
11623
48224
1448
15529
5031
14547
85308
47426
45
32360
53864
38633
273
19174
29181
4959
13395
11365
26625
21526
3170
4533
49973
33152
27087
59528
51305
20944
1200
46060
3828
60621
75877
11404
33246
40381
71623
11201
68683
30075
37279
3746
26141
21667
9219
32250
1403
48149
962
47672
24465
6913
25719
38442
21275
7776
2872
84575
10285
13023
17429
40732
67271
8843
28604
7490
23244
38686
75836
15844
5691
41082
54368
13805
32214
60567
32590
50503
922
58562
1331
271
44865
2923
56114
20794
18952
40541
9566
32331
29248
36506
9721
568
7196
10197
35836
940
8369
38807
432
65089
14447
24321
21295
26632
48852
15344
9467
8703
17188
1967
11585
20656
24656
7550
10624
28471
8443
9296
31569
26109
7860
7122
19492
44486
26308
5968
478
54991
5580
14611
13487
10736
15775
18586
37473
27563
7222
4092
61381
10949
1
16786
43858
2712
41659
43831
23163
32796
37656
1189
55659
52685
18130
42406
31396
8163
25627
61600
16267
5342
44814
30765
93111
2347
30440
78462
3871
1030
39621
32942
38144
12541
14790
18761
69708
57732
21720
23728
30331
8864
20684
13547
52906
10838
2528
20586
3666
56378
66292
52015
26815
3666
4008
5280
40309
265
21259
25286
8827
8163
3018
11634
62035
975
8838
72148
2973
11232
65733
18872
62838
5583
4816
14120
12042
72459
55707
51812
1320
69302
79484
190
14785
16408
3082
4794
33083
63728
524
54786
17725
12943
10783
31368
17839
1837
11387
17476
16138
1206
2498
136
5316
72188
701
51
49349
50059
392
57866
36585
17295
32184
31980
11568
13727
5767
48466
20447
4439
16603
4041
58010
58283
24147
56338
24158
39525
38897
86838
12492
1128
56369
41239
74610
374
2142
14756
6920
323
24019
2888
56148
939
44481
1648
5292
26457
2070
812
670
36049
8513
19287
89053
28127
15945
15009
686
18687
28303
7597
36710
46735
30575
223
56592
8890
40379
20710
11648
30945
3336
37487
3903
5693
3610
24670
8100
43821
62744
22676
18210
20745
28452
11175
77799
17492
1218
55063
33994
3852
8280
9433
2510
4647
31253
3330
7087
58023
49160
28846
3443
5367
12759
6536
2245
41493
373
72168
43071
18548
16301
25805
51901
26257
105
60106
61065
5074
2411
39450
38709
4905
57401
66838
7566
23000
3432
8683
383
19322
6423
75567
12741
48060
2409
3167
50127
14919
263
1593
8408
41845
53362
32144
17596
22143
28598
48639
3532
23706
2630
10927
38295
2058
23541
43553
65725
10372
35851
66730
811
20455
33344
41048
45842
18061
50063
23881
21105
37040
13301
11200
2011
139
924
10840
31096
21572
19757
36211
64702
568
17414
32878
16316
8945
4886
992
3745
10544
18057
5795
47578
1207
8509
25132
51982
40973
52959
16143
39039
23980
615
26206
20842
10289
35734
4351
13634
2760
19168
25838
234
25539
50028
6860
55619
21076
44321
22644
20302
9837
17165
14867
18054
34985
24163
29241
42067
12664
7543
65104
68325
21238
26325
27608
4732
27465
872
49091
66711
29989
51279
26622
71830
59963
10480
11596
752
32932
25299
3974
9461
8621
79905
2542
8203
39029
22265
24036
22403
21213
63373
32319
958
8336
30008
3206
31741
5003
51778
7768
41538
7808
1375
24138
27142
31045
6917
11134
48339
4381
52261
74744
20431
4729
11822
26559
53634
20881
26053
25119
8158
63762
74902
13852
64376
17650
424
14654
13839
53951
12640
13330
20334
7564
13525
65368
12535
838
4407
45920
61254
51553
36137
15277
24809
3012
30860
37949
1051
5907
33056
8608
1557
2850
11907
36870
30044
13554
16654
18815
18525
72884
38884
67719
3122
76
12792
16184
5045
53397
29437
1640
70742
4285
65545
8432
59834
20388
14487
43791
2539
13846
38790
5178
3090
31035
36794
42631
15345
25483
30303
43195
9139
38375
462
5559
3746
34537
26728
75675
44550
2143
36138
26294
1837
50420
41156
44017
25697
9804
1942
34256
12998
52311
7049
850
3272
14394
24187
2898
3763
2205
48884
18483
5674
2382
63622
24356
7702
65719
44139
51620
19978
16746
64784
5310
29134
40242
32270
42680
65484
44730
4467
3286
17566
5973
15818
10540
2100
74139
83804
22850
1434
47603
