n=1 m=10 0
1 1
0 1
1 0

n=1 m=10 0
1 1
0 1
1 0

n=1 m=20 0
1 2
1 0
0 2

n=1 m=20 0
1 2
1 0
0 2

n=1 m=30 0
1 3
1 0
0 3

n=1 m=30 0
1 3
1 0
0 3

n=1 m=40 0
1 4
1 0
0 4

n=1 m=40 0
1 4
1 0
0 4

n=1 m=50 0
1 5
1 0
0 5

n=1 m=50 0
1 5
1 0
0 5

n=1 m=60 0
1 6
1 0
0 6

n=1 m=60 0
1 6
1 0
0 6

n=1 m=70 0
1 7
1 0
0 7

n=1 m=70 0
1 7
1 0
0 7

n=1 m=80 0
1 8
1 0
0 8

n=1 m=80 0
1 8
1 0
0 8

n=1 m=90 0
1 9
1 0
0 9

n=1 m=90 0
1 9
1 0
0 9

n=1 m=100 0
1 10
1 0
0 10

n=1 m=100 0
1 10
1 0
0 10

n=2 m=10 0
1 10
1 0
0 10

n=2 m=10 0
1 10
1 0
0 10

n=2 m=10 0
1 10
1 0
0 10

n=2 m=20 0
1 10
1 0
0 10

n=2 m=20 0
1 10
1 0
0 10

n=2 m=20 0
1 10
1 0
0 10

n=2 m=30 0
1 10
1 0
0 10

n=2 m=30 0
1 10
1 0
0 10

n=2 m=30 0
1 10
1 0
0 10

n=2 m=40 0
1 10
1 0
0 10

n=2 m=40 0
1 10
1 0
0 10

n=2 m=40 0
1 10
1 0
0 10

n=2 m=50 0
1 10
1 0
0 10

n=2 m=50 0
1 10
1 0
0 10

n=2 m=50 0
1 10
1 0
0 10

n=2 m=60 0
1 10
1 0
0 10

n=2 m=60 0
1 10
1 0
0 10

n=2 m=60 0
1 10
1 0
0 10

n=2 m=70 0
1 10
1 0
0 10

n=2 m=70 0
1 10
1 0
0 10

n=2 m=70 0
1 10
1 0
0 10

n=2 m=80 0
1 10
1 0
0 10

n=2 m=80 0
1 10
1 0
0 10

n=2 m=80 0
1 10
1 0
0 10

n=2 m=90 0
1 10
1 0
0 10

n=2 m=90 0
1 10
1 0
0 10

n=2 m=90 0
1 10
1 0
0 10

n=2 m=100 0
2 10
2 0
0 10

n=2 m=100 0
2 10
2 0
0 10

n=2 m=100 0
2 10
2 0
0 10

n=3 m=10 0
2 10
2 0
0 10

n=3 m=10 0
2 10
2 0
0 10

n=3 m=10 0
2 10
2 0
0 10

n=3 m=10 0
2 10
2 0
0 10

n=3 m=20 0
2 10
2 0
0 10

n=3 m=20 0
2 10
2 0
0 10

n=3 m=20 0
2 10
2 0
0 10

n=3 m=20 0
2 10
2 0
0 10

n=3 m=30 0
2 10
2 0
0 10

n=3 m=30 0
2 10
2 0
0 10

n=3 m=30 0
2 10
2 0
0 10

n=3 m=30 0
2 10
2 0
0 10

n=3 m=40 0
2 10
2 0
0 10

n=3 m=40 0
2 10
2 0
0 10

n=3 m=40 0
2 10
2 0
0 10

n=3 m=40 0
2 10
2 0
0 10

n=3 m=50 0
2 10
2 0
0 10

n=3 m=50 0
2 10
2 0
0 10

n=3 m=50 0
2 10
2 0
0 10

n=3 m=50 0
2 10
2 0
0 10

n=3 m=60 0
2 10
2 0
0 10

n=3 m=60 0
2 10
2 0
0 10

n=3 m=60 0
2 10
2 0
0 10

n=3 m=60 0
2 10
2 0
0 10

n=3 m=70 0
2 10
2 0
0 10

n=3 m=70 0
2 10
2 0
0 10

n=3 m=70 0
2 10
2 0
0 10

n=3 m=70 0
2 10
2 0
0 10

n=3 m=80 0
2 10
2 0
0 10

n=3 m=80 0
2 10
2 0
0 10

n=3 m=80 0
2 10
2 0
0 10

n=3 m=80 0
2 10
2 0
0 10

n=3 m=90 0
2 10
2 0
0 10

n=3 m=90 0
2 10
2 0
0 10

n=3 m=90 0
2 10
2 0
0 10

n=3 m=90 0
2 10
2 0
0 10

n=3 m=100 0
3 10
3 0
0 10

n=3 m=100 0
3 10
3 0
0 10

n=3 m=100 0
3 10
3 0
0 10

n=3 m=100 0
3 10
3 0
0 10

n=4 m=10 0
3 10
3 0
0 10

n=4 m=10 0
3 10
3 0
0 10

n=4 m=10 0
3 10
3 0
0 10

n=4 m=10 0
3 10
3 0
0 10

n=4 m=10 0
3 10
3 0
0 10

n=4 m=20 0
3 10
3 0
0 10

n=4 m=20 0
3 10
3 0
0 10

n=4 m=20 0
3 10
3 0
0 10

n=4 m=20 0
3 10
3 0
0 10

n=4 m=20 0
3 10
3 0
0 10

n=4 m=30 0
3 10
3 0
0 10

n=4 m=30 0
3 10
3 0
0 10

n=4 m=30 0
3 10
3 0
0 10

n=4 m=30 0
3 10
3 0
0 10

n=4 m=30 0
3 10
3 0
0 10

n=4 m=40 0
3 10
3 0
0 10

n=4 m=40 0
3 10
3 0
0 10

n=4 m=40 0
3 10
3 0
0 10

n=4 m=40 0
3 10
3 0
0 10

n=4 m=40 0
3 10
3 0
0 10

n=4 m=50 0
3 10
3 0
0 10

n=4 m=50 0
3 10
3 0
0 10

n=4 m=50 0
3 10
3 0
0 10

n=4 m=50 0
3 10
3 0
0 10

n=4 m=50 0
3 10
3 0
0 10

n=4 m=60 0
3 10
3 0
0 10

n=4 m=60 0
3 10
3 0
0 10

n=4 m=60 0
3 10
3 0
0 10

n=4 m=60 0
3 10
3 0
0 10

n=4 m=60 0
3 10
3 0
0 10

n=4 m=70 0
3 10
3 0
0 10

n=4 m=70 0
3 10
3 0
0 10

n=4 m=70 0
3 10
3 0
0 10

n=4 m=70 0
3 10
3 0
0 10

n=4 m=70 0
3 10
3 0
0 10

n=4 m=80 0
3 10
3 0
0 10

n=4 m=80 0
3 10
3 0
0 10

n=4 m=80 0
3 10
3 0
0 10

n=4 m=80 0
3 10
3 0
0 10

n=4 m=80 0
3 10
3 0
0 10

n=4 m=90 0
3 10
3 0
0 10

n=4 m=90 0
3 10
3 0
0 10

n=4 m=90 0
3 10
3 0
0 10

n=4 m=90 0
3 10
3 0
0 10

n=4 m=90 0
3 10
3 0
0 10

n=4 m=100 0
4 10
4 0
0 10

n=4 m=101 0
4 10
0 0
3 10

n=4 m=101 0
4 10
0 0
3 10

n=4 m=101 0
4 10
0 0
3 10

n=4 m=101 0
4 10
0 0
3 10

n=5 m=11 0
4 10
0 0
3 10

n=5 m=11 0
4 10
0 0
3 10

n=5 m=11 0
4 10
0 0
3 10

n=5 m=11 0
4 10
0 0
3 10

n=5 m=11 0
4 10
0 0
3 10

n=5 m=11 0
4 10
0 0
3 10

n=5 m=21 0
4 10
0 0
3 10

n=5 m=21 0
4 10
0 0
3 10

n=5 m=21 0
4 10
0 0
3 10

n=5 m=21 0
4 10
0 0
3 10

n=5 m=21 0
4 10
0 0
3 10

n=5 m=21 0
4 10
0 0
3 10

n=5 m=31 0
4 10
0 0
3 10

n=5 m=31 0
4 10
0 0
3 10

n=5 m=31 0
4 10
0 0
3 10

n=5 m=31 0
4 10
0 0
3 10

n=5 m=31 0
4 10
0 0
3 10

n=5 m=31 0
4 10
0 0
3 10

n=5 m=41 0
4 10
0 0
3 10

n=5 m=41 0
4 10
0 0
3 10

n=5 m=41 0
4 10
0 0
3 10

n=5 m=41 0
4 10
0 0
3 10

n=5 m=41 0
4 10
0 0
3 10

n=5 m=41 0
4 10
0 0
3 10

n=5 m=51 0
4 10
0 0
3 10

n=5 m=51 0
4 10
0 0
3 10

n=5 m=51 0
4 10
0 0
3 10

n=5 m=51 0
4 10
0 0
3 10

n=5 m=51 0
4 10
0 0
3 10

n=5 m=51 0
4 10
0 0
3 10

n=5 m=61 0
4 10
0 0
3 10

n=5 m=61 0
4 10
0 0
3 10

n=5 m=61 0
4 10
0 0
3 10

n=5 m=61 0
4 10
0 0
3 10

n=5 m=61 0
4 10
0 0
3 10

n=5 m=61 0
4 10
0 0
3 10

n=5 m=71 0
4 10
0 0
3 10

n=5 m=71 0
4 10
0 0
3 10

n=5 m=71 0
4 10
0 0
3 10

n=5 m=71 0
4 10
0 0
3 10

n=5 m=71 0
4 10
0 0
3 10

n=5 m=71 0
4 10
0 0
3 10

n=5 m=81 0
4 10
0 0
3 10

n=5 m=81 0
4 10
0 0
3 10

n=5 m=81 0
4 10
0 0
3 10

n=5 m=81 0
4 10
0 0
3 10

n=5 m=81 0
4 10
0 0
3 10

n=5 m=81 0
4 10
0 0
3 10

n=5 m=91 0
4 10
0 0
3 10

n=5 m=91 0
4 10
0 0
3 10

n=5 m=91 0
4 10
0 0
3 10

n=5 m=91 0
4 10
0 0
3 10

n=5 m=91 0
4 10
0 0
3 10

n=5 m=91 0
4 10
0 0
3 10

n=5 m=100 0
5 10
1 0
4 10

n=5 m=101 0
5 10
0 0
4 10

n=5 m=101 0
5 10
0 0
4 10

n=5 m=101 0
5 10
0 0
4 10

n=5 m=101 0
5 10
0 0
4 10

n=5 m=101 0
5 10
0 0
4 10

n=6 m=11 0
5 10
0 0
4 10

n=6 m=11 0
5 10
0 0
4 10

n=6 m=11 0
5 10
0 0
4 10

n=6 m=11 0
5 10
0 0
4 10

n=6 m=11 0
5 10
0 0
4 10

n=6 m=11 0
5 10
0 0
4 10

n=6 m=11 0
5 10
0 0
4 10

n=6 m=21 0
5 10
0 0
4 10

n=6 m=21 0
5 10
0 0
4 10

n=6 m=21 0
5 10
0 0
4 10

n=6 m=21 0
5 10
0 0
4 10

n=6 m=21 0
5 10
0 0
4 10

n=6 m=21 0
5 10
0 0
4 10

n=6 m=21 0
5 10
0 0
4 10

n=6 m=31 0
5 10
0 0
4 10

n=6 m=31 0
5 10
0 0
4 10

n=6 m=31 0
5 10
0 0
4 10

n=6 m=31 0
5 10
0 0
4 10

n=6 m=31 0
5 10
0 0
4 10

n=6 m=31 0
5 10
0 0
4 10

n=6 m=31 0
5 10
0 0
4 10

n=6 m=41 0
5 10
0 0
4 10

n=6 m=41 0
5 10
0 0
4 10

n=6 m=41 0
5 10
0 0
4 10

n=6 m=41 0
5 10
0 0
4 10

n=6 m=41 0
5 10
0 0
4 10

n=6 m=41 0
5 10
0 0
4 10

n=6 m=41 0
5 10
0 0
4 10

n=6 m=51 0
5 10
0 0
4 10

n=6 m=51 0
5 10
0 0
4 10

n=6 m=51 0
5 10
0 0
4 10

n=6 m=51 0
5 10
0 0
4 10

n=6 m=51 0
5 10
0 0
4 10

n=6 m=51 0
5 10
0 0
4 10

n=6 m=51 0
5 10
0 0
4 10

n=6 m=61 0
5 10
0 0
4 10

n=6 m=61 0
5 10
0 0
4 10

n=6 m=61 0
5 10
0 0
4 10

n=6 m=61 0
5 10
0 0
4 10

n=6 m=61 0
5 10
0 0
4 10

n=6 m=61 0
5 10
0 0
4 10

n=6 m=61 0
5 10
0 0
4 10

n=6 m=71 0
5 10
0 0
4 10

n=6 m=71 0
5 10
0 0
4 10

n=6 m=71 0
5 10
0 0
4 10

n=6 m=71 0
5 10
0 0
4 10

n=6 m=71 0
5 10
0 0
4 10

n=6 m=71 0
5 10
0 0
4 10

n=6 m=71 0
5 10
0 0
4 10

n=6 m=81 0
5 10
0 0
4 10

n=6 m=81 0
5 10
0 0
4 10

n=6 m=81 0
5 10
0 0
4 10

n=6 m=81 0
5 10
0 0
4 10

n=6 m=81 0
5 10
0 0
4 10

n=6 m=81 0
5 10
0 0
4 10

n=6 m=81 0
5 10
0 0
4 10

n=6 m=91 0
5 10
0 0
4 10

n=6 m=91 0
5 10
0 0
4 10

n=6 m=91 0
5 10
0 0
4 10

n=6 m=91 0
5 10
0 0
4 10

n=6 m=91 0
5 10
0 0
4 10

n=6 m=91 0
5 10
0 0
4 10

n=6 m=91 0
5 10
0 0
4 10

n=6 m=100 1
6 10
0 0
5 10

n=6 m=101 0
6 10
0 0
5 10

n=6 m=101 0
6 10
0 0
5 10

n=6 m=101 0
6 10
0 0
5 10

n=6 m=101 0
6 10
0 0
5 10

n=6 m=101 0
6 10
0 0
5 10

n=6 m=101 0
6 10
0 0
5 10

n=7 m=11 0
6 10
0 0
5 10

n=7 m=11 0
6 10
0 0
5 10

n=7 m=11 0
6 10
0 0
5 10

n=7 m=11 0
6 10
0 0
5 10

n=7 m=11 0
6 10
0 0
5 10

n=7 m=11 0
6 10
0 0
5 10

n=7 m=11 0
6 10
0 0
5 10

n=7 m=11 0
6 10
0 0
5 10

n=7 m=21 0
6 10
0 0
5 10

n=7 m=21 0
6 10
0 0
5 10

n=7 m=21 0
6 10
0 0
5 10

n=7 m=21 0
6 10
0 0
5 10

n=7 m=21 0
6 10
0 0
5 10

n=7 m=21 0
6 10
0 0
5 10

n=7 m=21 0
6 10
0 0
5 10

n=7 m=21 0
6 10
0 0
5 10

n=7 m=31 0
6 10
0 0
5 10

n=7 m=31 0
6 10
0 0
5 10

n=7 m=31 0
6 10
0 0
5 10

n=7 m=31 0
6 10
0 0
5 10

n=7 m=31 0
6 10
0 0
5 10

n=7 m=31 0
6 10
0 0
5 10

n=7 m=31 0
6 10
0 0
5 10

n=7 m=31 0
6 10
0 0
5 10

n=7 m=41 0
6 10
0 0
5 10

n=7 m=41 0
6 10
0 0
5 10

n=7 m=41 0
6 10
0 0
5 10

n=7 m=41 0
6 10
0 0
5 10

n=7 m=41 0
6 10
0 0
5 10

n=7 m=41 0
6 10
0 0
5 10

n=7 m=41 0
6 10
0 0
5 10

n=7 m=41 0
6 10
0 0
5 10

n=7 m=51 0
6 10
0 0
5 10

n=7 m=51 0
6 10
0 0
5 10

n=7 m=51 0
6 10
0 0
5 10

n=7 m=51 0
6 10
0 0
5 10

n=7 m=51 0
6 10
0 0
5 10

n=7 m=51 0
6 10
0 0
5 10

n=7 m=51 0
6 10
0 0
5 10

n=7 m=51 0
6 10
0 0
5 10

n=7 m=61 0
6 10
0 0
5 10

n=7 m=61 0
6 10
0 0
5 10

n=7 m=61 0
6 10
0 0
5 10

n=7 m=61 0
6 10
0 0
5 10

n=7 m=61 0
6 10
0 0
5 10

n=7 m=61 0
6 10
0 0
5 10

n=7 m=61 0
6 10
0 0
5 10

n=7 m=61 0
6 10
0 0
5 10

n=7 m=71 0
6 10
0 0
5 10

n=7 m=71 0
6 10
0 0
5 10

n=7 m=71 0
6 10
0 0
5 10

n=7 m=71 0
6 10
0 0
5 10

n=7 m=71 0
6 10
0 0
5 10

n=7 m=71 0
6 10
0 0
5 10

n=7 m=71 0
6 10
0 0
5 10

n=7 m=71 0
6 10
0 0
5 10

n=7 m=81 0
6 10
0 0
5 10

n=7 m=81 0
6 10
0 0
5 10

n=7 m=81 0
6 10
0 0
5 10

n=7 m=81 0
6 10
0 0
5 10

n=7 m=81 0
6 10
0 0
5 10

n=7 m=81 0
6 10
0 0
5 10

n=7 m=81 0
6 10
0 0
5 10

n=7 m=81 0
6 10
0 0
5 10

n=7 m=91 0
6 10
0 0
5 10

n=7 m=91 0
6 10
0 0
5 10

n=7 m=91 0
6 10
0 0
5 10

n=7 m=91 0
6 10
0 0
5 10

n=7 m=91 0
6 10
0 0
5 10

n=7 m=91 0
6 10
0 0
5 10

n=7 m=91 0
6 10
0 0
5 10

n=7 m=91 0
6 10
0 0
5 10

n=7 m=100 1
7 10
0 0
6 10

n=7 m=101 0
7 10
0 0
6 10

n=7 m=101 0
7 10
0 0
6 10

n=7 m=101 0
7 10
0 0
6 10

n=7 m=101 0
7 10
0 0
6 10

n=7 m=101 0
7 10
0 0
6 10

n=7 m=101 0
7 10
0 0
6 10

n=7 m=101 0
7 10
0 0
6 10

n=8 m=11 0
7 10
0 0
6 10

n=8 m=11 0
7 10
0 0
6 10

n=8 m=11 0
7 10
0 0
6 10

n=8 m=11 0
7 10
0 0
6 10

n=8 m=11 0
7 10
0 0
6 10

n=8 m=11 0
7 10
0 0
6 10

n=8 m=11 0
7 10
0 0
6 10

n=8 m=11 0
7 10
0 0
6 10

n=8 m=11 0
7 10
0 0
6 10

n=8 m=21 0
7 10
0 0
6 10

n=8 m=21 0
7 10
0 0
6 10

n=8 m=21 0
7 10
0 0
6 10

n=8 m=21 0
7 10
0 0
6 10

n=8 m=21 0
7 10
0 0
6 10

n=8 m=21 0
7 10
0 0
6 10

n=8 m=21 0
7 10
0 0
6 10

n=8 m=21 0
7 10
0 0
6 10

n=8 m=21 0
7 10
0 0
6 10

n=8 m=31 0
7 10
0 0
6 10

n=8 m=31 0
7 10
0 0
6 10

n=8 m=31 0
7 10
0 0
6 10

n=8 m=31 0
7 10
0 0
6 10

n=8 m=31 0
7 10
0 0
6 10

n=8 m=31 0
7 10
0 0
6 10

n=8 m=31 0
7 10
0 0
6 10

n=8 m=31 0
7 10
0 0
6 10

n=8 m=31 0
7 10
0 0
6 10

n=8 m=41 0
7 10
0 0
6 10

n=8 m=41 0
7 10
0 0
6 10

n=8 m=41 0
7 10
0 0
6 10

n=8 m=41 0
7 10
0 0
6 10

n=8 m=41 0
7 10
0 0
6 10

n=8 m=41 0
7 10
0 0
6 10

n=8 m=41 0
7 10
0 0
6 10

n=8 m=41 0
7 10
0 0
6 10

n=8 m=41 0
7 10
0 0
6 10

n=8 m=51 0
7 10
0 0
6 10

n=8 m=51 0
7 10
0 0
6 10

n=8 m=51 0
7 10
0 0
6 10

n=8 m=51 0
7 10
0 0
6 10

n=8 m=51 0
7 10
0 0
6 10

n=8 m=51 0
7 10
0 0
6 10

n=8 m=51 0
7 10
0 0
6 10

n=8 m=51 0
7 10
0 0
6 10

n=8 m=51 0
7 10
0 0
6 10

n=8 m=61 0
7 10
0 0
6 10

n=8 m=61 0
7 10
0 0
6 10

n=8 m=61 0
7 10
0 0
6 10

n=8 m=61 0
7 10
0 0
6 10

n=8 m=61 0
7 10
0 0
6 10

n=8 m=61 0
7 10
0 0
6 10

n=8 m=61 0
7 10
0 0
6 10

n=8 m=61 0
7 10
0 0
6 10

n=8 m=61 0
7 10
0 0
6 10

n=8 m=71 0
7 10
0 0
6 10

n=8 m=71 0
7 10
0 0
6 10

n=8 m=71 0
7 10
0 0
6 10

n=8 m=71 0
7 10
0 0
6 10

n=8 m=71 0
7 10
0 0
6 10

n=8 m=71 0
7 10
0 0
6 10

n=8 m=71 0
7 10
0 0
6 10

n=8 m=71 0
7 10
0 0
6 10

n=8 m=71 0
7 10
0 0
6 10

n=8 m=81 0
7 10
0 0
6 10

n=8 m=81 0
7 10
0 0
6 10

n=8 m=81 0
7 10
0 0
6 10

n=8 m=81 0
7 10
0 0
6 10

n=8 m=81 0
7 10
0 0
6 10

n=8 m=81 0
7 10
0 0
6 10

n=8 m=81 0
7 10
0 0
6 10

n=8 m=81 0
7 10
0 0
6 10

n=8 m=81 0
7 10
0 0
6 10

n=8 m=91 0
7 10
0 0
6 10

n=8 m=91 0
7 10
0 0
6 10

n=8 m=91 0
7 10
0 0
6 10

n=8 m=91 0
7 10
0 0
6 10

n=8 m=91 0
7 10
0 0
6 10

n=8 m=91 0
7 10
0 0
6 10

n=8 m=91 0
7 10
0 0
6 10

n=8 m=91 0
7 10
0 0
6 10

n=8 m=91 0
7 10
0 0
6 10

n=8 m=100 1
8 10
0 0
7 10

n=8 m=101 0
8 10
0 0
7 10

n=8 m=101 0
8 10
0 0
7 10

n=8 m=101 0
8 10
0 0
7 10

n=8 m=101 0
8 10
0 0
7 10

n=8 m=101 0
8 10
0 0
7 10

n=8 m=101 0
8 10
0 0
7 10

n=8 m=101 0
8 10
0 0
7 10

n=8 m=101 0
8 10
0 0
7 10

n=9 m=11 0
8 10
0 0
7 10

n=9 m=11 0
8 10
0 0
7 10

n=9 m=11 0
8 10
0 0
7 10

n=9 m=11 0
8 10
0 0
7 10

n=9 m=11 0
8 10
0 0
7 10

n=9 m=11 0
8 10
0 0
7 10

n=9 m=11 0
8 10
0 0
7 10

n=9 m=11 0
8 10
0 0
7 10

n=9 m=11 0
8 10
0 0
7 10

n=9 m=11 0
8 10
0 0
7 10

n=9 m=21 0
8 10
0 0
7 10

n=9 m=21 0
8 10
0 0
7 10

n=9 m=21 0
8 10
0 0
7 10

n=9 m=21 0
8 10
0 0
7 10

n=9 m=21 0
8 10
0 0
7 10

n=9 m=21 0
8 10
0 0
7 10

n=9 m=21 0
8 10
0 0
7 10

n=9 m=21 0
8 10
0 0
7 10

n=9 m=21 0
8 10
0 0
7 10

n=9 m=21 0
8 10
0 0
7 10

n=9 m=31 0
8 10
0 0
7 10

n=9 m=31 0
8 10
0 0
7 10

n=9 m=31 0
8 10
0 0
7 10

n=9 m=31 0
8 10
0 0
7 10

n=9 m=31 0
8 10
0 0
7 10

n=9 m=31 0
8 10
0 0
7 10

n=9 m=31 0
8 10
0 0
7 10

n=9 m=31 0
8 10
0 0
7 10

n=9 m=31 0
8 10
0 0
7 10

n=9 m=31 0
8 10
0 0
7 10

n=9 m=41 0
8 10
0 0
7 10

n=9 m=41 0
8 10
0 0
7 10

n=9 m=41